0000010
1000000 12345 23456 34567 45678 56789 67890 78901 89012 90123 
2000000 12345 23456 34567 45678 56789 67890 78901 89012 90123
3000000 12345 23456 34567 45678 56789 67890 78901 89012 90123
4000000 12345 23456 34567 45678 56789 67890 78901 89012 90123
5000000 12345 23456 34567 45678 56789 67890 78901 89012 90123
6000000 12345 23456 34567 45678 56789 67890 78901 89012 90123
7000000 12345 23456 34567 45678 56789 67890 78901 89012 90123
8000000 12345 23456 34567 45678 56789 67890 78901 89012 90123
9000000 12345 23456 34567 45678 56789 67890 78901 89012 90123
1100000 12345 23456 34567 45678 56789 67890 78901 89012 90123